sysid, healthScore, "capacity_total_freePct", "delAcksPct", "portReadBandwidthMBPS", "portWriteBandwidthMBPS", "cpuLatestTotalAvgPct", "cpuLatestTotalMaxPct", "nodeCountOffline", "nodeCountMissing", "ddsSizeUsedTiB"
2883, 98.19905, 0.0, 0.0, 1.5753791, 0.22556701, 0.0, 0.0, 0.0, 0.0, 0.0
2638, 95.67527, 0.0, 0.0, 1.6255343, 0.2233182, 1.6241246, 0.8517513, 0.0, 0.0, 0.0
1427, 62.714165, 36.258507, 0.0, 0.8101956, 0.21670394, 0.0, 0.0, 0.0, 0.0, 4.2551316E-4
9, 98.356636, 0.0, 0.0032376533, 1.6401296, 0.0, 0.0, 0.0, 0.0, 0.0, 0.0
1309, 98.15166, 0.0, 1.3379946, 0.29958478, 0.2107666, 0.0, 0.0, 0.0, 0.0, 0.0
3837, 85.44803, 0.0, 0.0, 11.347782, 0.31905156, 1.8783549, 1.0067805, 0.0, 0.0, 1.4306921E-6
1182, 65.57559, 34.42441, 0.0, 0.0, 0.0, 0.0, 0.0, 0.0, 0.0, 0.0
505, 86.116, 3.9269373, 1.3284848, 8.595896, 0.0, 0.025774429, 0.006914526, 0.0, 0.0, 0.0
2297, 77.99486, 19.989506, 0.0, 1.808659, 0.20696928, 0.0, 0.0, 0.0, 0.0, 6.5165923E-6
1091, 94.16447, 2.7281475, 0.0, 0.0, 0.0, 1.839957, 1.2674298, 0.0, 0.0, 0.0
560, 77.074265, 0.0, 0.0, 19.995802, 0.0, 1.7893237, 1.1406121, 0.0, 0.0, 0.0
3253, 89.58249, 6.2780495, 0.0, 1.3090653, 0.1773021, 1.7939138, 0.8517513, 0.0, 0.0, 0.0074290736
2791, 92.968575, 0.0, 1.2048314, 4.6861005, 0.3057498, 0.6356398, 0.19910505, 0.0, 0.0, 0.0
986, 88.45752, 11.071654, 0.0, 0.26677364, 0.2040513, 0.0, 0.0, 0.0, 0.0, 0.0
1102, 96.03656, 0.0, 1.1231451, 1.2280457, 0.14658518, 0.74013215, 0.46697342, 0.0, 0.0, 0.258557
3352, 99.2701, 0.0, 0.0, 0.72989357, 0.0, 0.0, 0.0, 0.0, 0.0, 0.0
95, 99.370415, 0.0, 0.0, 0.4485966, 0.18099241, 0.0, 0.0, 0.0, 0.0, 0.0
2132, 86.32388, 13.676117, 0.0, 0.0, 0.0, 0.0, 0.0, 0.0, 0.0, 0.0
567, 97.89563, 0.0, 0.0, 0.7412911, 0.0, 0.8935211, 0.46835095, 0.0, 0.0, 0.0012038504
1791, 70.5717, 27.928307, 0.0, 1.2854507, 0.21454252, 0.0, 0.0, 0.0, 0.0, 1.5893175E-6
2001, 85.96326, 12.344482, 0.0, 0.13898543, 0.15724202, 1.0125918, 0.38344058, 0.0, 0.0, 5.326627E-10
474, 98.8155, 0.0, 0.0, 0.9894578, 0.19504422, 0.0, 0.0, 0.0, 0.0, 0.0
509, 98.41754, 0.0, 0.0, 1.5824564, 0.0, 0.0, 0.0, 0.0, 0.0, 0.0
2764, 98.25364, 0.0, 0.0, 1.5521909, 0.19416794, 0.0, 0.0, 0.0, 0.0, 0.0
656, 79.88138, 0.0, 0.0, 19.711311, 0.40730804, 0.0, 0.0, 0.0, 0.0, 1.698234E-6
3355, 94.32438, 4.9138465, 0.0, 0.27994636, 0.48182505, 0.0, 0.0, 0.0, 0.0, 0.0
658, 61.800465, 2.8476784, 0.0, 20.0, 15.07611, 0.1330991, 0.14264502, 0.0, 0.0, 3.887587E-9
3005, 91.19445, 7.0068493, 0.0, 1.5543201, 0.24438187, 0.0, 0.0, 0.0, 0.0, 0.0
871, 83.1301, 0.0, 0.0, 16.028423, 0.8414828, 0.0, 0.0, 0.0, 0.0, 0.0
2391, 93.06427, 4.0257025, 1.0020891, 1.6548442, 0.25309315, 0.0, 0.0, 0.0, 0.0, 0.0
3239, 98.20614, 0.0, 0.0, 1.5543201, 0.23953764, 0.0, 0.0, 0.0, 0.0, 0.0
678, 43.87616, 55.913055, 0.0, 0.0, 0.0, 0.1476852, 0.06310022, 0.0, 0.0, 6.4316565E-19
3863, 78.55025, 0.0, 0.0, 19.715784, 1.7339735, 0.0, 0.0, 0.0, 0.0, 0.0
2175, 76.59961, 0.0, 0.0, 19.96726, 3.4331334, 0.0, 0.0, 0.0, 0.0, 0.0
1109, 65.24713, 14.217726, 0.0, 19.503149, 0.77894044, 0.20625837, 0.019712297, 0.0, 0.0, 0.027079562
449, 48.083794, 17.01659, 1.2780781, 19.99949, 13.622049, 0.0, 0.0, 0.0, 0.0, 0.0
2219, 61.219574, 1.3874451, 1.276023, 20.0, 14.309315, 1.8076442, 0.0, 0.0, 0.0, 0.0
2435, 81.557465, 2.3852007, 1.2310926, 14.222718, 0.3032771, 0.22793427, 0.07231125, 0.0, 0.0, 0.0
2378, 72.06052, 25.270798, 0.0, 0.82428914, 0.19612612, 1.11869, 0.42368194, 0.0, 0.0, 0.10590078
327, 92.92636, 2.4450667, 1.2999986, 0.0, 0.44313437, 1.5927881, 1.2926546, 0.0, 0.0, 0.0
906, 97.6235, 0.0, 0.0, 0.14893171, 0.18549754, 1.4703262, 0.57174873, 0.0, 0.0, 0.0
2843, 93.31689, 6.540992, 0.0, 0.0, 0.14212328, 0.0, 0.0, 0.0, 0.0, 2.2171662E-11
2912, 98.52883, 0.0, 0.0, 0.9654547, 0.20725073, 0.0, 0.0, 0.0, 0.0, 0.29845995
2985, 95.05104, 0.0, 0.0, 4.633918, 0.31503868, 0.0, 0.0, 0.0, 0.0, 0.0
1722, 72.56846, 5.464375, 0.0, 19.54072, 2.4263957, 0.0, 0.0, 0.0, 0.0, 4.881585E-5
4438, 98.092064, 0.0, 0.0, 1.6548442, 0.25309315, 0.0, 0.0, 0.0, 0.0, 0.0
2009, 79.477295, 1.8271002, 0.13946733, 17.300665, 1.2554759, 0.0, 0.0, 0.0, 0.0, 0.0
1322, 99.18579, 0.0, 0.0, 0.588644, 0.22556701, 0.0, 0.0, 0.0, 0.0, 0.0
2813, 95.01977, 0.0, 0.0, 1.7433116, 0.24945077, 1.839957, 1.1475099, 0.0, 0.0, 0.0
3303, 88.97519, 9.116872, 0.0, 1.6548442, 0.25309315, 0.0, 0.0, 0.0, 0.0, 0.0
518, 89.55835, 10.222603, 0.0, 0.21904626, 0.0, 0.0, 0.0, 0.0, 0.0, 0.0
798, 93.26105, 4.4463553, 0.0, 2.109108, 0.18348922, 0.0, 0.0, 0.0, 0.0, 0.0
4185, 58.754883, 37.224167, 0.0, 2.9696343, 1.0513139, 0.0, 0.0, 0.0, 0.0, 0.0
53, 98.9557, 0.0, 0.0, 0.79189587, 0.0, 0.24689043, 0.005507138, 0.0, 0.0, 1.03564416E-16
2156, 97.88272, 0.0, 0.0, 1.8006686, 0.31661358, 0.0, 0.0, 0.0, 0.0, 0.0
928, 90.16962, 9.374675, 0.0, 0.0, 0.0, 0.32113573, 0.13457084, 0.0, 0.0, 0.0
4256, 52.244606, 24.731138, 0.0, 19.964764, 3.0594945, 0.0, 0.0, 0.0, 0.0, 0.0
2199, 99.37692, 0.0, 0.0, 0.38699174, 0.23608801, 0.0, 0.0, 0.0, 0.0, 0.0
1408, 86.18723, 11.904828, 0.0, 1.6548442, 0.25309315, 0.0, 0.0, 0.0, 0.0, 0.0
1034, 95.63795, 2.5788033, 0.0, 0.0, 0.0, 1.0125918, 0.7706567, 0.0, 0.0, 0.0
3964, 81.852585, 0.0, 0.0, 17.173204, 0.9742133, 0.0, 0.0, 0.0, 0.0, 0.0
2935, 63.029385, 18.899284, 0.0, 17.54514, 0.5261915, 0.0, 0.0, 0.0, 0.0, 3.6409585E-8
2845, 99.843544, 0.0, 0.0, 0.0, 0.15645355, 0.0, 0.0, 0.0, 0.0, 0.0
93, 64.45346, 31.249514, 0.0, 1.4706136, 0.22009955, 1.6658342, 0.9404799, 0.0, 0.0, 0.0
1986, 85.80637, 0.0, 0.0, 12.429133, 0.0, 1.1815925, 0.5829018, 0.0, 0.0, 0.0
2933, 85.83499, 12.426936, 0.0, 0.18515545, 0.20640677, 1.3465074, 0.0, 0.0, 0.0, 0.0
2242, 97.57103, 0.0, 0.0, 0.8033262, 0.0, 1.3053209, 0.3203245, 0.0, 0.0, 4.890741E-9
1639, 89.504616, 8.27978, 0.0, 0.0, 0.0, 1.5396143, 0.675987, 0.0, 0.0, 0.0
261, 75.4823, 1.8063966, 0.0, 19.85426, 2.857048, 0.0, 0.0, 0.0, 0.0, 0.0
1548, 94.39251, 4.3564725, 0.0, 1.039572, 0.21144901, 0.0, 0.0, 0.0, 0.0, 0.0
3774, 79.5411, 0.0, 0.0, 19.604607, 0.8542922, 0.0, 0.0, 0.0, 0.0, 0.0
110, 58.500156, 23.104568, 0.0, 17.889032, 0.19426687, 0.16889112, 0.043865222, 0.0, 0.0, 0.09921953
3212, 99.65368, 0.0, 0.0, 0.0, 0.3463229, 0.0, 0.0, 0.0, 0.0, 0.0
4450, 100.0, 0.0, 0.0, 0.0, 0.0, 0.0, 0.0, 0.0, 0.0, 0.0
3966, 98.2258, 0.0, 0.0, 1.6088574, 0.16534667, 0.0, 0.0, 0.0, 0.0, 0.0
1003, 95.43302, 3.5944374, 0.0, 0.0, 0.0, 0.0, 0.95922893, 0.013309367, 0.0, 0.0
511, 97.57107, 1.7707199, 0.0, 0.39501062, 0.2632029, 0.0, 0.0, 0.0, 0.0, 0.0
3386, 97.60226, 0.0, 0.0, 0.0, 0.0, 1.0635667, 1.3341779, 0.0, 0.0, 0.0
3749, 82.21878, 0.0, 0.0, 16.543509, 1.2377089, 0.0, 0.0, 0.0, 0.0, 0.0
3165, 61.19408, 20.097883, 0.0, 16.685705, 1.3091851, 0.5068051, 0.119193144, 0.0, 0.0, 0.087145284
2829, 87.93367, 11.407536, 0.0, 0.3390223, 0.20610811, 0.0, 0.0, 0.0, 0.0, 0.113667026
3901, 75.064224, 0.0, 0.0, 19.989035, 4.946744, 0.0, 0.0, 0.0, 0.0, 0.0
3530, 96.90815, 3.0918515, 0.0, 0.0, 0.0, 0.0, 0.0, 0.0, 0.0, 0.0
910, 96.91683, 1.3850782, 0.0, 0.0, 0.0, 1.3937813, 0.30430692, 0.0, 0.0, 0.0
1553, 95.293945, 0.0, 0.0, 1.8572737, 0.14488909, 1.7215804, 0.9823081, 0.0, 0.0, 0.0
3665, 97.71848, 1.3542097, 0.0, 0.92730963, 0.0, 0.0, 0.0, 0.0, 0.0, 0.0
2807, 95.974045, 0.0, 0.0, 1.1877902, 0.22795525, 1.6658342, 0.85136235, 0.0, 0.0, 0.09301504
2850, 78.64925, 0.0, 0.0, 19.98302, 1.3677306, 0.0, 0.0, 0.0, 0.0, 0.0
965, 93.23279, 4.3186073, 0.0, 0.0, 0.0, 1.508106, 0.9404799, 0.0, 0.0, 1.9933028E-5
1123, 89.81169, 6.694665, 0.0, 0.9972429, 0.15803441, 1.3652439, 0.7706567, 0.0, 0.0, 0.20246468
77, 66.84564, 11.507339, 0.0, 19.645306, 2.0017092, 0.0, 0.0, 0.0, 0.0, 0.0
1530, 98.878136, 0.0, 0.0, 0.6258858, 0.21454252, 0.0, 0.0, 0.0, 0.0, 0.28143597
336, 71.77619, 28.22381, 0.0, 0.0, 0.0, 0.0, 0.0, 0.0, 0.0, 0.0
1983, 97.13909, 2.7202113, 0.0, 0.0, 0.14070044, 0.0, 0.0, 0.0, 0.0, 0.0
3978, 96.904655, 1.4472487, 0.0, 1.4012558, 0.24684013, 0.0, 0.0, 0.0, 0.0, 0.0
4372, 98.65033, 0.0, 0.0, 1.16786, 0.18180978, 0.0, 0.0, 0.0, 0.0, 0.0
1757, 98.7661, 0.0, 0.0, 0.0, 0.19999842, 0.7319483, 0.17255212, 0.0, 0.0, 0.12940641
1064, 78.86188, 20.221329, 0.0, 0.0, 0.0, 0.6459869, 0.27080765, 0.0, 0.0, 1.5865009E-21
803, 87.41262, 8.257425, 1.3128215, 2.0907269, 0.0, 0.66985655, 0.25655073, 0.0, 0.0, 8.179745E-19
4294, 75.12549, 0.0, 0.0, 19.973677, 1.8748667, 1.9323128, 1.0936549, 0.0, 0.0, 0.0
3596, 87.820755, 9.67131, 0.0, 0.17891477, 0.0, 1.4703262, 0.7710089, 0.0, 0.0, 0.0876888
1273, 99.75178, 0.0, 0.0, 0.24822608, 0.0, 0.0, 0.0, 0.0, 0.0, 2.1781458E-8
2178, 74.9321, 19.531456, 0.0, 5.5364475, 0.0, 0.0, 0.0, 0.0, 0.0, 0.0
860, 87.91253, 10.576988, 0.0, 1.2720209, 0.23846385, 0.0, 0.0, 0.0, 0.0, 0.0
4517, 36.7116, 44.865906, 0.0, 16.915396, 1.5070943, 0.0, 0.0, 0.0, 0.0, 0.0
4394, 100.0, 0.0, 0.0, 0.0, 0.0, 0.0, 0.0, 0.0, 0.0, 0.0
1827, 87.87637, 1.3920643, 0.0, 10.73156, 0.0, 0.0, 0.0, 0.0, 0.0, 3.3784495E-10
4363, 78.45058, 19.5785, 0.0, 1.7202172, 0.250702, 0.0, 0.0, 0.0, 0.0, 0.0
834, 94.84722, 0.0, 0.0, 3.7497272, 0.19100694, 0.0, 1.0850579, 0.0, 0.0, 0.12698303
924, 97.86558, 1.9034986, 0.0, 0.0, 0.0, 0.18549559, 0.038509734, 0.0, 0.0, 0.006920475
2151, 78.40543, 0.0, 0.0, 18.58493, 0.76207626, 1.6199665, 0.62759614, 0.0, 0.0, 0.0
883, 75.612656, 0.0, 1.2161196, 19.910976, 1.1456288, 1.345879, 0.76874465, 0.0, 0.0, 0.0
2735, 99.57021, 0.0, 0.0, 0.42978528, 0.0, 0.0, 0.0, 0.0, 0.0, 0.0
1432, 93.12553, 6.8742657, 0.0, 0.0, 0.0, 0.0, 0.0, 0.0, 0.0, 2.0692854E-4
4069, 85.52095, 0.0, 0.0, 12.909951, 1.5691015, 0.0, 0.0, 0.0, 0.0, 0.0
1780, 91.992, 6.0141735, 0.0, 0.0, 0.0, 1.9813354, 0.0, 0.0, 0.0, 0.012494635
3033, 97.726776, 1.6965824, 0.0, 0.0, 0.0, 0.35486993, 0.221773, 0.0, 0.0, 4.2476125E-19
3231, 94.89737, 0.0, 0.0, 4.75631, 0.3463229, 0.0, 0.0, 0.0, 0.0, 0.0
2090, 87.446754, 10.652776, 0.0, 0.0, 0.1773021, 1.2048717, 0.51748043, 0.0, 0.0, 8.15082E-4
4473, 88.55796, 7.8213015, 0.0, 0.55881786, 0.0, 1.7939138, 1.2680078, 0.0, 0.0, 3.51575E-23
3476, 96.858475, 0.0, 0.0, 1.7433116, 0.250702, 0.0, 1.1475099, 0.0, 0.0, 0.0
3391, 98.000725, 0.0, 0.0, 1.7510716, 0.24820575, 0.0, 0.0, 0.0, 0.0, 0.0
4171, 99.79595, 0.0, 0.0, 0.0, 0.2040513, 0.0, 0.0, 0.0, 0.0, 0.0
2748, 99.80593, 0.0, 0.0, 0.0, 0.19406806, 0.0, 0.0, 0.0, 0.0, 0.0
1325, 79.04716, 0.0, 0.0, 19.922321, 0.7830651, 0.16554052, 0.081913434, 0.0, 0.0, 0.0
3710, 91.778915, 7.162678, 0.0, 0.84493834, 0.21346983, 0.0, 0.0, 0.0, 0.0, 0.0
419, 99.40727, 0.0, 0.0, 0.42571095, 0.16701663, 0.0, 0.0, 0.0, 0.0, 0.0
3525, 99.1589, 0.0, 0.0, 0.6200113, 0.22109155, 0.0, 0.0, 0.0, 0.0, 0.0
647, 92.61204, 3.5848427, 0.0, 1.5197943, 0.2266998, 1.2048717, 0.8517513, 0.0, 0.0, 0.0
3390, 96.531, 0.0, 0.0, 3.1923056, 0.27669287, 0.0, 0.0, 0.0, 0.0, 0.0
4407, 100.0, 0.0, 0.0, 0.0, 0.0, 0.0, 0.0, 0.0, 0.0, 0.0
829, 75.39895, 2.5916092, 0.0, 19.989407, 2.0200374, 0.0, 0.0, 0.0, 0.0, 0.0
4427, 80.08354, 0.0, 0.0, 18.638617, 1.2778397, 0.0, 0.0, 0.0, 0.0, 0.0
3168, 97.28145, 0.0, 0.0, 0.0, 0.0, 1.7593207, 0.95922893, 0.0, 0.0, 0.0
439, 86.995255, 11.011198, 1.2557951, 0.71733946, 0.0, 0.017687814, 0.002725768, 0.0, 0.0, 4.255729E-12
2191, 99.48631, 0.0, 0.0, 0.0, 0.0, 0.48152512, 0.03216171, 0.0, 0.0, 1.236784E-11
3886, 98.24068, 0.0, 0.0, 0.0, 0.0, 1.7593207, 0.0, 0.0, 0.0, 0.0
2996, 55.064396, 44.935604, 0.0, 0.0, 0.0, 0.0, 0.0, 0.0, 0.0, 0.0
1534, 74.248955, 0.0, 0.0, 19.991104, 5.759942, 0.0, 0.0, 0.0, 0.0, 0.0
1388, 32.005554, 46.34456, 0.0, 19.963192, 0.5445293, 0.8713347, 0.27080765, 0.0, 0.0, 1.5070711E-5
3465, 92.497, 5.624372, 0.0, 1.6255343, 0.25309315, 0.0, 0.0, 0.0, 0.0, 0.0
2844, 97.03223, 2.0273528, 0.0, 0.0, 0.7494672, 0.1004272, 0.09052444, 0.0, 0.0, 0.0
2989, 93.27284, 3.617278, 0.0, 0.0, 0.92286587, 1.5838933, 0.60169506, 0.0, 0.0, 0.0014261391
124, 69.11279, 10.307458, 0.0, 19.104368, 0.2435135, 0.0, 1.2119603, 0.0, 0.0, 0.01990591
338, 98.85179, 0.0, 0.0, 0.9303034, 0.21790464, 0.0, 0.0, 0.0, 0.0, 0.0
1562, 95.74188, 2.1953013, 0.0, 0.0, 0.0, 1.3652439, 0.6975748, 0.0, 0.0, 0.0
1264, 68.8866, 27.027382, 0.0, 3.6181862, 0.0, 0.26752603, 0.20030326, 0.0, 0.0, 5.261419E-17
2425, 98.42114, 0.0, 0.0, 1.3452446, 0.23361556, 0.0, 0.0, 0.0, 0.0, 0.0
3127, 73.86162, 5.7257476, 0.0, 19.942793, 0.46793866, 0.0, 0.0, 0.0, 0.0, 0.0018998875
3573, 77.77246, 0.0, 0.0, 19.993336, 2.2341995, 0.0, 0.0, 0.0, 0.0, 0.0
1588, 78.677895, 18.838917, 0.0, 0.0, 0.0, 1.6760828, 0.79422146, 0.012881695, 0.0, 0.0
1973, 70.79361, 9.199902, 0.0, 19.166039, 0.76390976, 0.0, 0.0, 0.0, 0.0, 0.07653813
3704, 88.107574, 11.892423, 0.0, 0.0, 0.0, 0.0, 0.0, 0.0, 0.0, 0.0
3326, 11.7512665, 65.75201, 0.0, 19.99851, 2.498217, 0.0, 0.0, 0.0, 0.0, 0.0
43, 76.951416, 1.5632777, 0.0, 19.976814, 1.5084962, 0.0, 0.0, 0.0, 0.0, 0.0
23, 93.28377, 1.8288863, 0.0, 1.6254827, 0.27531376, 1.901493, 1.0850579, 0.0, 0.0, 0.0
2637, 77.13127, 2.3439448, 1.3247695, 15.253262, 1.9298681, 1.3053209, 0.71149874, 0.0, 0.0, 6.4688735E-5
1784, 99.74691, 0.0, 0.0, 0.0, 0.25309315, 0.0, 0.0, 0.0, 0.0, 0.0
2208, 96.48268, 3.1330273, 0.0, 0.0, 0.0, 0.18293995, 0.20135416, 0.0, 0.0, 0.0
3287, 98.14086, 0.0, 0.0, 1.6110575, 0.24807842, 0.0, 0.0, 0.0, 0.0, 0.0
2724, 99.772354, 0.0, 0.0, 0.22764367, 0.0, 0.0, 0.0, 0.0, 0.0, 2.6212313E-10
290, 78.78656, 0.0, 0.0, 19.997086, 1.2163575, 0.0, 0.0, 0.0, 0.0, 0.0
1601, 85.4066, 12.210029, 0.0, 0.0, 0.0, 1.2358589, 1.1475099, 0.0, 0.0, 0.0
2687, 80.691216, 18.259048, 0.0, 0.8101956, 0.23953764, 0.0, 0.0, 0.0, 0.0, 0.0
3506, 93.5674, 5.0573626, 0.0, 1.1732234, 0.2020148, 0.0, 0.0, 0.0, 0.0, 0.0
1414, 97.826515, 0.0, 0.0, 0.0, 0.0, 1.0819241, 1.0915585, 0.0, 0.0, 3.0788237E-7
3138, 96.754036, 2.9279506, 0.0, 0.0, 0.3057498, 0.0, 0.0, 0.0, 0.0, 0.012260113
2303, 94.486, 1.8014281, 0.0, 1.5108968, 0.19319612, 1.3652439, 0.57148725, 0.0, 0.0, 0.07174993
313, 98.85641, 0.0, 0.0, 0.0, 0.0, 0.8295477, 0.31404373, 0.0, 0.0, 0.0
1467, 94.02168, 5.258452, 0.0, 0.0, 0.0, 0.67017007, 0.049691018, 0.0, 0.0, 3.7261058E-20
1466, 30.693153, 67.545105, 0.0, 1.5197943, 0.24194777, 0.0, 0.0, 0.0, 0.0, 0.0
116, 86.73197, 12.007695, 0.0, 1.0219938, 0.23834148, 0.0, 0.0, 0.0, 0.0, 0.0
1907, 2.42408, 95.96582, 0.0, 0.0, 0.0, 1.327616, 0.28248525, 0.0, 0.0, 1.33027E-9
2092, 74.02896, 4.507148, 0.0, 19.773266, 0.19185176, 0.98465145, 0.5141247, 0.0, 0.0, 0.0
4309, 98.09583, 0.0, 0.0, 1.6548442, 0.24932283, 0.0, 0.0, 0.0, 0.0, 0.0
1284, 92.64371, 6.3914967, 0.0, 0.0, 0.0, 0.7319483, 0.23285073, 0.0, 0.0, 1.1804426E-7
3042, 96.86468, 2.041665, 0.0, 0.0, 0.0, 0.0, 1.0936549, 0.0, 0.0, 0.0
3124, 91.20828, 8.017557, 0.0, 0.0, 0.0, 0.5290958, 0.24506848, 0.0, 0.0, 0.0
4018, 98.32651, 0.0, 0.0, 1.4204005, 0.25309315, 0.0, 0.0, 0.0, 0.0, 0.0
1728, 97.254135, 2.6345468, 0.0, 0.0, 0.0, 0.0891047, 0.02221401, 0.0, 0.0, 1.6952222E-16
2383, 86.07219, 10.220622, 0.0, 1.2836639, 0.21251166, 1.508106, 0.6975748, 0.0, 0.0, 0.00533621
3558, 75.36146, 3.456704, 0.0, 19.715784, 1.4660572, 0.0, 0.0, 0.0, 0.0, 0.0
3438, 95.6655, 3.061954, 0.0, 1.0458511, 0.2266998, 0.0, 0.0, 0.0, 0.0, 0.0
751, 99.19478, 0.0, 0.0, 0.0, 0.0, 0.49103463, 0.3141876, 0.0, 0.0, 4.4089854E-10
1575, 99.47238, 0.0, 0.0, 0.32942668, 0.15795298, 0.0, 0.0, 0.0, 0.0, 0.040235285
328, 72.14741, 5.923631, 0.0, 19.885494, 0.65313923, 0.7886342, 0.60169506, 0.0, 0.0, 0.0
1944, 79.361595, 6.1853704, 0.0, 12.921974, 0.14147434, 0.72609866, 0.6634885, 0.0, 0.0, 0.0
3869, 96.81948, 2.3331542, 0.0, 0.6551325, 0.19222912, 0.0, 0.0, 0.0, 0.0, 0.0
2719, 93.07894, 4.923803, 0.0, 0.0, 0.18099241, 1.11869, 0.6975748, 0.0, 0.0, 0.0
2838, 98.391815, 1.6081817, 0.0, 0.0, 0.0, 0.0, 0.0, 0.0, 0.0, 0.0
4291, 95.562355, 0.0, 0.0, 0.0, 4.4376435, 0.0, 0.0, 0.0, 0.0, 0.0
3070, 87.7946, 7.048645, 0.0, 4.263721, 0.23576784, 0.42637992, 0.06632036, 0.0, 0.0, 0.16456401
4492, 100.0, 0.0, 0.0, 0.0, 0.0, 0.0, 0.0, 0.0, 0.0, 0.0
593, 99.699356, 0.0, 0.0, 0.0, 0.3006457, 0.0, 0.0, 0.0, 0.0, 0.0
3227, 95.98416, 0.0, 0.0, 1.7355824, 0.1443588, 1.3652439, 0.7706567, 0.0, 0.0, 0.0
4266, 98.2356, 0.0, 0.0, 0.0, 0.0, 1.11869, 0.38344058, 0.0, 0.0, 0.26226726
2234, 98.88492, 0.0, 0.0, 0.931592, 0.18348922, 0.0, 0.0, 0.0, 0.0, 0.0
3663, 95.88128, 0.0, 0.0, 4.118718, 0.0, 0.0, 0.0, 0.0, 0.0, 0.0
1112, 98.10678, 0.0, 0.0, 1.6401296, 0.25309315, 0.0, 0.0, 0.0, 0.0, 0.0
3808, 99.826096, 0.0, 0.0, 0.0, 0.17390788, 0.0, 0.0, 0.0, 0.0, 0.0
1830, 87.8811, 12.1189, 0.0, 0.0, 0.0, 0.0, 0.0, 0.0, 0.0, 0.0
4086, 79.4669, 2.3009763, 0.0, 17.101583, 1.1305354, 0.0, 0.0, 0.0, 0.0, 0.0
654, 24.389404, 73.3399, 0.0, 0.0, 1.1079205, 0.74013215, 0.42262894, 0.0, 0.0, 1.5150835E-5
1851, 74.74644, 15.632652, 0.0, 7.6983247, 0.36265475, 1.1952577, 0.36467606, 0.0, 0.0, 1.545315E-15
2028, 74.51709, 4.015072, 0.0, 19.998285, 1.4695503, 0.0, 0.0, 0.0, 0.0, 0.0
1153, 25.785187, 55.686237, 0.0, 18.310623, 0.21795776, 0.0, 0.0, 0.0, 0.0, 0.0
1240, 78.70149, 19.656275, 0.0, 0.0, 0.0, 1.6422291, 0.0, 0.0, 0.0, 1.3278572E-12
1152, 73.00377, 6.4014196, 0.0, 19.732416, 0.8623966, 0.0, 0.0, 0.0, 0.0, 0.0
4107, 78.64893, 0.0, 0.0, 17.300665, 1.2377089, 1.700619, 1.1120758, 0.0, 0.0, 0.0
2269, 98.01866, 0.0, 0.0, 0.0, 0.0, 1.9813354, 0.0, 0.0, 0.0, 0.0
1198, 96.575584, 2.592028, 0.0, 0.0, 0.0, 0.5995338, 0.23285073, 0.0, 0.0, 4.751568E-8
1736, 77.87556, 0.0, 0.0, 19.998482, 2.1259608, 0.0, 0.0, 0.0, 0.0, 0.0
4182, 100.0, 0.0, 0.0, 0.0, 0.0, 0.0, 0.0, 0.0, 0.0, 0.0
3739, 94.77515, 2.1559513, 0.0, 0.0, 1.1310099, 1.0695499, 0.8683426, 0.0, 0.0, 0.0
4292, 100.0, 0.0, 0.0, 0.0, 0.0, 0.0, 0.0, 0.0, 0.0, 0.0
359, 98.39367, 0.0, 0.0, 1.3556294, 0.250702, 0.0, 0.0, 0.0, 0.0, 0.0
554, 98.73837, 0.0, 1.2581359, 0.0, 0.0, 0.002483725, 0.001006086, 0.0, 0.0, 4.015628E-18
1095, 80.36873, 0.0, 0.0, 17.521414, 1.0576587, 0.8762397, 0.17592493, 0.0, 0.0, 3.3770448E-5
4003, 86.85413, 8.066197, 0.0, 4.1987796, 0.22993788, 0.42637992, 0.06001104, 0.0, 0.0, 0.16456401
54, 84.431465, 12.121495, 0.0, 2.212263, 0.28227776, 0.7760081, 0.16304286, 0.0, 0.013449143, 0.0
1969, 96.661804, 1.8202558, 0.0, 0.0, 0.0, 1.345879, 0.17204385, 0.0, 0.0, 1.9649577E-5
3022, 89.678955, 8.244689, 0.0, 1.8247352, 0.25161797, 0.0, 0.0, 0.0, 0.0, 0.0
2903, 96.00418, 0.0, 0.0, 0.99404484, 0.2266998, 1.7939138, 0.8517513, 0.0, 0.0, 0.12940641
4343, 71.389435, 26.60879, 0.0, 1.7510716, 0.250702, 0.0, 0.0, 0.0, 0.0, 0.0
3016, 98.196884, 0.0, 0.0, 1.5683305, 0.2347883, 0.0, 0.0, 0.0, 0.0, 0.0
3920, 91.92497, 0.0, 0.0, 4.7386904, 0.34978846, 1.901493, 1.0850579, 0.0, 0.0, 0.0
750, 89.29102, 9.042271, 0.0, 1.4726398, 0.19406806, 0.0, 0.0, 0.0, 0.0, 0.0
3311, 98.10562, 0.0, 0.0, 1.6548442, 0.23953764, 0.0, 0.0, 0.0, 0.0, 0.0
1860, 98.206085, 0.0, 0.0, 0.0, 0.0, 1.7939138, 0.0, 0.0, 0.0, 0.0
472, 96.780334, 0.0, 0.0, 0.613306, 0.0, 1.6658342, 0.9404799, 0.0, 0.0, 4.3483316E-5
2730, 98.1636, 0.0, 0.0, 1.589563, 0.24684013, 0.0, 0.0, 0.0, 0.0, 0.0
766, 98.48024, 0.0, 0.26867998, 0.6468734, 0.16197275, 0.26968467, 0.17255212, 0.0, 0.0, 7.285522E-7
978, 48.80134, 29.644484, 0.0, 19.492857, 0.69652855, 1.3465074, 0.018283175, 0.0, 0.0, 1.2938301E-17
2742, 80.620026, 16.941484, 0.0, 0.0, 0.0, 1.3412304, 1.0972598, 0.0, 0.0, 0.0
3574, 94.92685, 0.0, 0.0, 4.7386904, 0.33445704, 0.0, 0.0, 0.0, 0.0, 0.0
3541, 78.58972, 0.0, 0.0, 19.72385, 1.6864318, 0.0, 0.0, 0.0, 0.0, 0.0
3128, 79.21622, 0.0, 0.0, 19.961018, 0.82276493, 0.0, 0.0, 0.0, 0.0, 0.0
2118, 81.38902, 15.633903, 0.0, 0.46821156, 0.19416794, 1.3652439, 0.9404799, 0.0, 0.0, 0.008975006
185, 98.98357, 0.0, 0.0, 0.7804655, 0.23596682, 0.0, 0.0, 0.0, 0.0, 0.0
1106, 76.212036, 0.0, 0.0, 19.966108, 3.8218577, 0.0, 0.0, 0.0, 0.0, 0.0
4516, 98.092064, 0.0, 0.0, 1.6548442, 0.25309315, 0.0, 0.0, 0.0, 0.0, 0.0
580, 94.04738, 5.952524, 0.0, 0.0, 0.0, 0.0, 0.0, 0.0, 0.0, 9.3874616E-5
3114, 74.82203, 3.5142517, 0.0, 19.996693, 1.667028, 0.0, 0.0, 0.0, 0.0, 0.0
3060, 98.23485, 0.0, 0.0, 1.547358, 0.2177927, 0.0, 0.0, 0.0, 0.0, 0.0
4133, 80.81064, 0.0, 0.0, 18.991161, 0.19820477, 0.0, 0.0, 0.0, 0.0, 0.0
3906, 0.0, 85.75418, 0.0, 15.855956, 0.7833745, 0.0, 0.0, 0.0, 0.0, 0.0
4196, 94.71977, 0.0, 0.0, 0.0, 3.4826329, 1.7975987, 0.0, 0.0, 0.0, 0.0
3516, 55.263714, 44.015575, 0.0, 0.4847467, 0.23596682, 0.0, 0.0, 0.0, 0.0, 0.0
125, 99.86485, 0.0, 0.0, 0.0, 0.1351492, 0.0, 0.0, 0.0, 0.0, 0.0
3907, 99.801994, 0.0, 0.0, 0.0, 0.19800197, 0.0, 0.0, 0.0, 0.0, 0.0
4031, 100.0, 0.0, 0.0, 0.0, 0.0, 0.0, 0.0, 0.0, 0.0, 0.0
2340, 66.245605, 31.903664, 0.0, 0.38571095, 0.19701116, 0.0, 1.2680078, 0.0, 0.0, 0.0
3570, 90.127, 7.675648, 0.0, 2.1973555, 0.0, 0.0, 0.0, 0.0, 0.0, 0.0
393, 96.20683, 0.0, 1.3326889, 0.44962725, 2.0108547, 0.0, 0.0, 0.0, 0.0, 0.0
1118, 92.59728, 6.2908216, 0.0, 0.0, 0.20415626, 0.75080335, 0.15607285, 0.0, 0.0, 8.6468103E-4
4484, 100.0, 0.0, 0.0, 0.0, 0.0, 0.0, 0.0, 0.0, 0.0, 0.0
4234, 96.17814, 0.0, 0.0, 0.0, 3.8218577, 0.0, 0.0, 0.0, 0.0, 0.0
1828, 88.786736, 7.57736, 0.0, 0.49404013, 0.0, 1.9813354, 1.1480335, 0.0, 0.0, 0.012494635
354, 81.89455, 5.3519382, 1.3171368, 10.745221, 0.6628112, 0.0, 0.0, 0.0, 0.0, 0.028344475
69, 87.988434, 0.0, 0.3556841, 11.655884, 0.0, 0.0, 0.0, 0.0, 0.0, 0.0
4342, 78.8238, 0.0, 0.0, 19.474054, 1.702146, 0.0, 0.0, 0.0, 0.0, 0.0
1096, 97.89798, 0.0, 0.0, 0.0, 0.0, 1.4703262, 0.63169014, 0.0, 0.0, 0.0
1009, 56.579987, 0.0, 1.2874848, 20.0, 19.993122, 1.8076442, 0.33176023, 0.0, 0.0, 3.5259355E-9
2255, 85.20093, 0.0, 0.0, 13.992333, 0.5840179, 0.0, 0.0, 0.0, 0.0, 0.22272518
310, 90.78097, 0.0, 1.3149328, 4.599355, 0.31819624, 1.901493, 1.0850579, 0.0, 0.0, 0.0
2047, 82.22934, 0.0, 0.0, 17.323313, 0.447352, 0.0, 0.0, 0.0, 0.0, 0.0
4146, 80.16361, 0.0, 0.0, 18.165537, 1.6708497, 0.0, 0.0, 0.0, 0.0, 0.0
3496, 76.90938, 1.906374, 0.0, 19.430058, 1.7541943, 0.0, 0.0, 0.0, 0.0, 0.0
4136, 0.0, 96.598755, 0.0, 7.087209, 0.16391332, 0.0, 0.0, 0.0, 0.0, 0.0
3584, 75.58945, 3.195475, 0.0, 19.90001, 1.3150687, 0.0, 0.0, 0.0, 0.0, 0.0
497, 87.61571, 0.0, 0.0, 12.152477, 0.23181824, 0.0, 0.0, 0.0, 0.0, 0.0
1346, 98.696655, 0.0, 0.0, 0.0, 0.0, 1.1255851, 0.17776318, 0.0, 0.0, 1.9007478E-8
3827, 88.78987, 11.210131, 0.0, 0.0, 0.0, 0.0, 0.0, 0.0, 0.0, 0.0
24, 99.864136, 0.0, 0.0, 0.13586736, 0.0, 0.0, 0.0, 0.0, 0.0, 0.0
2876, 98.10195, 0.0, 0.0, 1.6474721, 0.2505734, 0.0, 0.0, 0.0, 0.0, 0.0
3198, 88.548935, 10.720255, 0.0, 0.52969474, 0.20110752, 0.0, 0.0, 0.0, 0.0, 4.188648E-6
131, 78.12299, 16.79713, 0.0, 4.7386904, 0.34118772, 0.0, 0.0, 0.0, 0.0, 0.0
2841, 79.63951, 4.8646674, 0.0, 14.274753, 1.2143849, 0.0, 0.0, 0.0, 0.0, 0.0066877003
2373, 59.29695, 20.907206, 0.0, 17.31201, 1.2554759, 0.0, 1.2283155, 0.0, 0.0, 4.202054E-5
3262, 77.49225, 0.0, 0.0, 19.998436, 2.5093148, 0.0, 0.0, 0.0, 0.0, 0.0
3029, 97.639244, 2.0773153, 0.0, 0.0, 0.25670335, 0.0, 0.0, 0.0, 0.0, 0.026737357
2472, 95.86033, 0.0, 0.0, 1.5683305, 0.24932283, 1.6241246, 0.69789374, 0.0, 0.0, 0.0
2847, 99.80593, 0.0, 0.0, 0.0, 0.19406806, 0.0, 0.0, 0.0, 0.0, 0.0
3855, 78.76274, 0.0, 0.0, 19.535112, 1.702146, 0.0, 0.0, 0.0, 0.0, 0.0
2984, 40.109455, 57.850494, 1.2105068, 0.28259045, 0.2266998, 0.0, 0.0, 0.0, 0.0, 0.32025692
1307, 99.83474, 0.0, 0.0, 0.0, 0.16526149, 0.0, 0.0, 0.0, 0.0, 0.0
3338, 72.56264, 6.9380913, 0.0, 16.51559, 1.0985438, 1.8783549, 1.0067805, 0.0, 0.0, 0.0
3489, 92.68736, 0.0, 0.0, 6.139645, 1.1729895, 0.0, 0.0, 0.0, 0.0, 0.0
3490, 84.26425, 0.0, 0.0, 15.560775, 0.17497563, 0.0, 0.0, 0.0, 0.0, 0.0
4174, 98.160484, 0.0, 0.0, 1.7049755, 0.13454017, 0.0, 0.0, 0.0, 0.0, 0.0
2855, 83.413795, 13.679685, 0.0, 0.0, 0.0, 1.6422291, 1.2642931, 0.0, 0.0, 0.0
3527, 94.533195, 0.0, 0.0, 5.193494, 0.27331024, 0.0, 0.0, 0.0, 0.0, 0.0
4397, 34.43489, 44.259857, 0.0, 19.725172, 1.580075, 0.0, 0.0, 0.0, 0.0, 0.0
4501, 100.0, 0.0, 0.0, 0.0, 0.0, 0.0, 0.0, 0.0, 0.0, 0.0
1406, 86.69275, 11.646587, 0.0, 0.0, 0.0, 1.0834651, 0.5771963, 0.0, 0.0, 0.0
839, 92.67459, 3.7088797, 1.0605204, 0.0, 1.6786242, 0.0, 0.87738407, 0.0, 0.0, 6.1241956E-8
4218, 95.2607, 3.6015081, 0.0, 0.90182704, 0.23596682, 0.0, 0.0, 0.0, 0.0, 0.0
3442, 94.98405, 1.4637948, 0.0, 3.2448766, 0.30727902, 0.0, 0.0, 0.0, 0.0, 0.0
473, 93.77019, 6.083456, 0.0, 0.0, 0.14635396, 0.0, 0.0, 0.0, 0.0, 0.0
1716, 85.8029, 13.892866, 0.0, 0.0, 0.3042281, 0.0, 0.0, 0.0, 0.0, 0.0
1686, 71.12748, 6.9948673, 0.0, 19.9768, 1.9008533, 0.0, 0.0, 0.0, 0.0, 0.0
1659, 61.299942, 0.0, 1.3339984, 19.999989, 16.46446, 0.0, 0.58208674, 0.0, 0.0, 0.3195238
396, 81.957, 0.0, 0.0, 15.727715, 0.0, 1.1033248, 1.2119603, 0.0, 0.0, 5.311388E-14
821, 69.8121, 7.475769, 1.3023503, 19.99997, 1.4098063, 0.0, 0.0, 0.0, 0.0, 0.0
3697, 87.05319, 10.362234, 0.0, 0.7806144, 0.9789196, 0.0, 0.825035, 0.0, 0.0, 0.0
1819, 100.0, 0.0, 0.0, 0.0, 0.0, 0.0, 0.0, 0.0, 0.0, 0.0
3802, 99.2414, 0.0, 0.0, 0.0, 0.0, 0.35486993, 0.4037287, 0.0, 0.0, 0.0
2063, 98.46863, 0.0, 1.272176, 0.25919595, 0.0, 0.0, 0.0, 0.0, 0.0, 0.0
446, 96.04613, 2.812693, 0.0, 0.0, 0.17918396, 0.6149848, 0.3470147, 0.0, 0.0, 0.0
1029, 63.325325, 26.858551, 0.0, 8.363066, 0.4983781, 0.9221783, 0.032498006, 0.0, 0.0, 1.5487005E-10
4063, 79.76601, 0.0, 0.0, 19.30193, 0.9320653, 0.0, 0.0, 0.0, 0.0, 0.0
167, 77.67154, 0.0, 1.2211794, 19.980726, 1.113999, 0.0, 0.0, 0.012559773, 0.0, 0.0
4474, 74.144455, 0.0, 0.0, 19.991148, 5.8643923, 0.0, 0.0, 0.0, 0.0, 0.0
1310, 86.434525, 13.426515, 0.0, 0.0, 0.0, 0.13290916, 0.0060545136, 0.0, 0.0, 1.4113505E-7
2571, 95.75656, 3.2618215, 0.0, 0.7659956, 0.21562056, 0.0, 0.0, 0.0, 0.0, 0.0
1794, 97.275856, 0.0, 0.0, 0.0, 0.0, 1.7893237, 0.93482065, 0.0, 0.0, 0.0
1031, 97.1652, 1.4729286, 0.0, 0.0, 0.0, 0.8935211, 0.46835095, 0.0, 0.0, 1.2697429E-12
2673, 76.67526, 4.404443, 0.0, 17.979174, 0.94111145, 0.0, 0.0, 0.0, 0.0, 8.55979E-6
653, 65.92313, 33.01031, 1.0624899, 0.0, 0.0, 0.0018399927, 0.002239072, 0.0, 0.0, 2.9768726E-26
1684, 95.76893, 3.6403825, 0.0, 0.5457322, 0.0, 0.0, 0.0, 0.0, 0.0, 0.044956576
3504, 100.0, 0.0, 0.0, 0.0, 0.0, 0.0, 0.0, 0.0, 0.0, 0.0
2694, 96.946785, 0.0, 0.0, 1.5945163, 0.19126691, 0.0, 1.2674298, 0.0, 0.0, 0.0
3431, 97.82224, 0.0, 0.0, 0.809041, 0.22120519, 0.0, 1.1475099, 0.0, 0.0, 0.0
4071, 93.963715, 0.0, 0.0, 6.0362873, 0.0, 0.0, 0.0, 0.0, 0.0, 0.0
4240, 85.64332, 14.356685, 0.0, 0.0, 0.0, 0.0, 0.0, 0.0, 0.0, 0.0
2630, 99.28935, 0.0, 0.0, 0.71064734, 0.0, 0.0, 0.0, 0.0, 0.0, 0.0
2805, 91.80345, 8.196546, 0.0, 0.0, 0.0, 0.0, 0.0, 0.0, 0.0, 0.0
4019, 38.4947, 43.279324, 0.0, 17.861305, 0.36466965, 0.0, 0.0, 0.0, 0.0, 0.0
2971, 88.94748, 7.934321, 0.0, 0.39502412, 0.0, 1.6241246, 0.8517513, 0.0, 0.0, 0.2472973
2367, 87.087234, 10.970593, 0.0, 0.0, 0.19021156, 0.9871842, 0.51748043, 0.0, 0.0, 0.2472973
736, 93.663055, 3.3809521, 0.0, 2.548561, 0.32138494, 0.0, 0.0, 0.0, 0.0, 0.086045295
4169, 98.15711, 0.0, 0.0, 1.6160718, 0.22681628, 0.0, 0.0, 0.0, 0.0, 0.0
1516, 95.693634, 3.10691, 1.199457, 0.0, 0.0, 0.0, 0.0, 0.0, 0.0, 0.0
1726, 93.47844, 6.1321826, 0.0, 0.3893792, 0.0, 0.0, 0.0, 0.0, 0.0, 0.0
1124, 89.91511, 0.0, 0.0, 7.633406, 2.451485, 0.0, 0.0, 0.0, 0.0, 0.0
4110, 97.20812, 0.0, 0.0, 0.0, 0.0, 1.5838933, 1.2079809, 0.0, 0.0, 0.0
2795, 95.507034, 4.022909, 0.0, 0.0, 0.47005537, 0.0, 0.0, 0.0, 0.0, 0.0
1801, 98.13364, 0.0, 0.0, 1.6182814, 0.24807842, 0.0, 0.0, 0.0, 0.0, 0.0
1394, 97.2473, 0.0, 0.0, 0.8770064, 0.7487421, 1.0819241, 0.044728488, 0.0, 0.0, 3.0246208E-4
162, 96.03629, 2.833706, 1.1300008, 0.0, 0.0, 0.0, 0.0, 0.0, 0.0, 0.0
4053, 97.36365, 0.0, 0.0, 0.0, 0.0, 1.6429952, 0.99336034, 0.0, 0.0, 0.0
590, 84.71488, 14.683423, 0.0, 0.0, 0.0, 0.0, 0.60169506, 0.0, 0.0, 3.8038844E-15
4499, 78.12751, 0.0, 0.0, 19.980335, 1.8921555, 0.0, 0.0, 0.0, 0.0, 0.0
725, 97.12269, 0.0, 0.0, 0.90619886, 0.32547736, 1.0337834, 0.61185515, 0.0, 0.0, 0.0
1547, 96.91807, 2.3540924, 0.0, 0.0, 0.727843, 0.0, 0.0, 0.0, 0.0, 0.0
2886, 89.07023, 10.484983, 0.0, 0.0, 0.19711253, 0.22653382, 0.021136427, 0.0, 0.0, 3.2296628E-6
3296, 97.60314, 2.3968613, 0.0, 0.0, 0.0, 0.0, 0.0, 0.0, 0.0, 0.0
2473, 61.834198, 36.626186, 0.0, 0.0, 0.0, 1.5396143, 0.0, 0.0, 0.0, 0.0
4102, 99.60132, 0.0, 0.0, 0.0, 0.39868075, 0.0, 0.0, 0.0, 0.0, 0.0
1134, 78.32669, 0.0, 0.0, 19.979456, 1.6938571, 0.0, 0.0, 0.0, 0.0, 0.0
1435, 55.492767, 42.27282, 0.0, 0.0, 0.0, 1.2017827, 1.032629, 0.0, 0.0, 0.0
2692, 95.69134, 0.0, 0.0, 0.0, 1.0409728, 2.003395, 1.2642931, 0.0, 0.0, 0.0
3181, 89.10303, 10.608072, 0.0, 0.0, 0.20285903, 0.0, 0.0, 0.0, 0.0, 0.086045295
853, 83.061516, 16.938482, 0.0, 0.0, 0.0, 0.0, 0.0, 0.0, 0.0, 0.0
4021, 99.633995, 0.0, 0.0, 0.14821401, 0.2177927, 0.0, 0.0, 0.0, 0.0, 0.0
2071, 98.700035, 0.0, 0.0, 0.0, 0.0, 0.9165254, 0.38344058, 0.0, 0.0, 0.0
34, 97.94584, 0.0, 0.0, 0.0, 0.16932228, 1.1561972, 0.72863925, 0.0, 0.0, 0.0
4323, 96.683, 1.4863997, 0.0, 1.5945163, 0.23608801, 0.0, 0.0, 0.0, 0.0, 0.0
1047, 79.22888, 0.0, 0.0, 19.98359, 0.7875335, 0.0, 0.0, 0.0, 0.0, 0.0
4441, 100.0, 0.0, 0.0, 0.0, 0.0, 0.0, 0.0, 0.0, 0.0, 0.0
413, 77.83987, 20.161142, 0.0, 0.0, 0.20507716, 1.7939138, 0.0, 0.0, 0.0, 0.0
868, 17.582878, 58.038864, 0.6057614, 19.966272, 3.8062184, 0.0, 0.0, 0.0, 0.0, 0.0
2636, 81.43251, 0.0, 0.0, 17.31201, 1.2554759, 0.0, 0.0, 0.0, 0.0, 0.0
4469, 97.56351, 0.0, 0.0, 0.0, 0.0, 1.6658342, 0.7706567, 0.0, 0.0, 0.0
4319, 100.0, 0.0, 0.0, 0.0, 0.0, 0.0, 0.0, 0.0, 0.0, 0.0
3892, 79.79039, 0.0, 0.0, 19.938557, 0.27105364, 0.0, 0.0, 0.0, 0.0, 0.0
2165, 93.57426, 3.4419436, 0.0, 0.36422905, 0.22443983, 1.6241246, 0.7710089, 0.0, 0.0, 0.0
3140, 98.300865, 1.5444906, 0.0, 0.0, 0.14501193, 0.0, 0.0, 0.0, 0.0, 0.009634557
1648, 98.19601, 0.0, 0.0, 1.6674057, 0.13658673, 0.0, 0.0, 0.0, 0.0, 0.0
2027, 79.47272, 20.527285, 0.0, 0.0, 0.0, 0.0, 0.0, 0.0, 0.0, 0.0
2490, 96.50851, 0.0, 0.0, 1.1001935, 0.16616933, 1.9655664, 0.0, 0.0, 0.0, 0.25956368
2443, 95.5308, 3.783074, 0.0, 0.0, 0.45404816, 0.14032549, 0.09175304, 0.0, 0.0, 3.3571215E-11
2781, 78.53015, 19.699514, 0.0, 0.0, 0.15333873, 1.0125918, 0.57148725, 0.0, 0.0, 0.032916192
4088, 79.00409, 0.0, 0.0, 19.577318, 1.4185956, 0.0, 0.0, 0.0, 0.0, 0.0
629, 77.14364, 3.6149228, 0.0, 18.275946, 0.6159576, 0.25188622, 0.09759764, 0.0, 0.0, 5.282985E-5
4260, 78.7605, 0.0, 0.0, 19.637169, 1.6023369, 0.0, 0.0, 0.0, 0.0, 0.0
569, 69.684586, 29.420609, 0.0, 0.0, 0.0, 0.5486542, 0.3461519, 0.0, 0.0, 0.0
2487, 98.10678, 0.0, 0.0, 1.6401296, 0.25309315, 0.0, 0.0, 0.0, 0.0, 0.0
1403, 98.39189, 0.0, 0.0, 0.0, 0.0, 1.0906298, 0.51748043, 0.0, 0.0, 9.4488155E-7
3617, 81.937935, 0.0, 0.0, 17.300665, 0.7424852, 0.0, 0.0, 0.0, 0.0, 0.018916326
2500, 98.24325, 0.0, 0.0, 1.5061821, 0.2505734, 0.0, 0.0, 0.0, 0.0, 0.0
3018, 73.24848, 0.0, 0.0, 20.0, 6.7515206, 0.0, 0.0, 0.0, 0.0, 0.0
749, 99.70635, 0.0, 0.0, 0.29364488, 0.0, 0.0, 0.0, 0.0, 0.0, 0.0
807, 98.976036, 0.0, 0.0, 0.1339113, 0.0, 0.5995338, 0.19068229, 0.0, 0.0, 0.09983815
2193, 99.4997, 0.0, 0.0, 0.29364488, 0.0, 0.18082863, 0.025827333, 0.0, 0.0, 0.0
2983, 79.08262, 0.0, 0.0, 19.402407, 1.5149772, 0.0, 0.0, 0.0, 0.0, 0.0
3553, 97.114746, 0.0, 0.0, 0.0, 2.8852525, 0.0, 0.0, 0.0, 0.0, 0.0
2095, 85.344505, 14.441982, 0.0, 0.0, 0.0, 0.20625837, 0.0072522005, 0.0, 0.0, 1.630327E-26
3151, 99.76166, 0.0, 0.0, 0.0, 0.23834148, 0.0, 0.0, 0.0, 0.0, 0.0
2295, 77.46353, 0.0, 0.0, 19.966108, 2.5703638, 0.0, 0.0, 0.0, 0.0, 0.0
644, 98.22345, 0.0, 0.0, 0.0, 0.0, 1.2434733, 0.5330805, 0.0, 0.0, 2.2471474E-7
3984, 99.55986, 0.0, 0.0, 0.0, 0.4401421, 0.0, 0.0, 0.0, 0.0, 0.0
1382, 98.4341, 0.0, 0.0, 1.3513638, 0.21454252, 0.0, 0.0, 0.0, 0.0, 0.0
1545, 91.25804, 6.5332136, 0.0, 0.27193707, 0.0, 1.2772778, 0.65952873, 0.0, 0.0, 0.0
1209, 99.78001, 0.0, 0.0, 0.0, 0.21346983, 0.0, 0.0, 0.0, 0.0, 0.006523553
1155, 93.991714, 0.0, 0.0, 3.4966419, 0.5353721, 1.9762689, 0.0, 0.0, 0.0, 0.0
3363, 55.196083, 44.015575, 0.0, 0.5535549, 0.2347883, 0.0, 0.0, 0.0, 0.0, 0.0
1519, 79.29179, 0.0, 0.0, 19.179802, 1.5284132, 0.0, 0.0, 0.0, 0.0, 0.0
1535, 100.0, 0.0, 0.0, 0.0, 0.0, 0.0, 0.0, 0.0, 0.0, 0.0
3717, 77.59699, 1.7907305, 0.0, 19.971823, 0.64045507, 0.0, 0.0, 0.0, 0.0, 0.0
94, 75.991264, 4.7019587, 0.0, 19.168242, 0.0, 0.0891047, 0.04943146, 0.0, 0.0, 0.0
3706, 80.01967, 0.0, 0.0, 19.980335, 0.0, 0.0, 0.0, 0.0, 0.0, 0.0
3037, 95.21218, 3.3897996, 0.0, 1.2058905, 0.19213024, 0.0, 0.0, 0.0, 0.0, 0.0
384, 92.09166, 4.5924425, 0.0, 0.28217667, 0.15488838, 1.839957, 1.0388772, 0.0, 0.0, 0.0
465, 72.891815, 1.4707466, 0.0, 19.965275, 3.4166903, 1.4867249, 0.76874465, 0.0, 0.0, 0.0
2825, 90.85605, 5.4744954, 0.0, 0.63181406, 0.2040513, 1.7939138, 1.0393513, 0.0, 0.0, 3.2809348E-4
553, 92.98394, 4.46404, 0.0, 0.0, 0.0, 1.5927881, 0.95922893, 0.0, 0.0, 0.0
1079, 96.77352, 3.2040238, 0.0, 0.0, 0.0, 0.0, 0.0, 0.0, 0.0, 0.022452071
182, 86.33288, 0.0, 0.0, 12.67529, 0.991832, 0.0, 0.0, 0.0, 0.0, 0.0
3422, 91.68312, 7.5192947, 0.0, 0.6582234, 0.13936365, 0.0, 0.0, 0.0, 0.0, 0.0
2018, 76.290146, 21.744286, 0.0, 0.0, 0.0, 1.9655664, 0.0, 0.0, 0.0, 8.710652E-7
591, 99.15314, 0.0, 0.0, 0.64383405, 0.20303053, 0.0, 0.0, 0.0, 0.0, 0.0
951, 93.58361, 3.5416188, 0.0, 0.22950716, 0.0, 1.3652439, 1.2674298, 0.01257151, 0.0, 1.536939E-5
596, 42.321735, 57.66756, 0.0, 0.0, 0.0, 0.010426993, 2.7791457E-4, 0.0, 0.0, 0.0
278, 93.32331, 6.6102686, 0.0, 0.0, 0.0, 0.04987907, 0.016543444, 0.0, 0.0, 8.622214E-8
3922, 93.54025, 4.5279584, 0.0, 1.7049755, 0.22681628, 0.0, 0.0, 0.0, 0.0, 0.0
3761, 74.6635, 0.0, 0.0, 19.916412, 3.4166903, 2.003395, 0.0, 0.0, 0.0, 0.0
3551, 77.44615, 2.6495774, 0.0, 19.904272, 0.0, 0.0, 0.0, 0.0, 0.0, 0.0
1909, 75.743774, 21.113863, 0.0, 0.0, 0.15488838, 1.839957, 1.1475099, 0.0, 0.0, 1.1850591E-5
730, 38.917137, 59.262566, 0.0, 1.6182814, 0.2020148, 0.0, 0.0, 0.0, 0.0, 0.0
2589, 97.82673, 1.4083724, 0.0, 0.76490146, 0.0, 0.0, 0.0, 0.0, 0.0, 0.0
2252, 24.087173, 55.161846, 0.0, 19.164352, 1.5866218, 0.0, 0.0, 0.0, 0.0, 0.0
1938, 99.63289, 0.0, 0.0, 0.19578911, 0.15883078, 0.0, 0.0, 0.0, 0.012493679, 0.0
956, 74.504814, 1.3603384, 1.3379946, 19.284496, 0.8389031, 1.5927881, 0.95922893, 0.0, 0.0, 0.12143763
3687, 89.01225, 0.0, 0.0, 10.333908, 0.65383977, 0.0, 0.0, 0.0, 0.0, 0.0
1302, 93.27965, 6.4925156, 0.0, 0.0, 0.2278382, 0.0, 0.0, 0.0, 0.0, 0.0
3205, 99.37337, 0.0, 0.0, 0.0, 0.6266347, 0.0, 0.0, 0.0, 0.0, 0.0
2645, 99.762726, 0.0, 0.0, 0.0, 0.237273, 0.0, 0.0, 0.0, 0.0, 0.0
4120, 78.118904, 0.0, 0.0, 19.98024, 1.9008533, 0.0, 0.0, 0.0, 0.0, 0.0
3417, 92.35933, 0.0, 0.0, 6.222466, 1.4182041, 0.0, 0.0, 0.0, 0.0, 0.0
1905, 100.0, 0.0, 0.0, 0.0, 0.0, 0.0, 0.0, 0.0, 0.0, 0.0
1997, 86.51068, 0.0, 0.0, 13.489321, 0.0, 0.0, 0.0, 0.0, 0.0, 0.0
3813, 78.71386, 0.0, 0.0, 19.526192, 0.48862362, 0.83466566, 0.43666038, 0.0, 0.0, 0.0
4463, 56.875114, 41.1386, 0.0, 1.7355824, 0.250702, 0.0, 0.0, 0.0, 0.0, 0.0
2852, 83.594376, 14.658251, 0.0, 1.5452373, 0.20211872, 0.0, 0.0, 0.0, 0.0, 1.75031E-5
2084, 87.54602, 10.683304, 0.0, 1.547358, 0.2233182, 0.0, 0.0, 0.0, 0.0, 0.0
3888, 81.42121, 0.0, 0.0, 17.323313, 1.2554759, 0.0, 0.0, 0.0, 0.0, 0.0
1138, 96.57801, 0.0, 0.0, 2.0726614, 0.15083738, 0.0, 1.1984905, 0.0, 0.0, 0.0
4392, 95.903046, 0.0, 0.0, 0.9712343, 3.1257238, 0.0, 0.0, 0.0, 0.0, 0.0
7, 74.88187, 0.0, 0.0, 19.966108, 3.8062184, 1.2183218, 0.12748164, 0.0, 0.0, 3.6257297E-6
479, 87.18418, 10.872668, 0.0, 0.0, 0.0, 1.9431517, 0.0, 0.0, 0.0, 0.0
4037, 98.39603, 0.0, 0.0, 0.89762765, 0.70634454, 0.0, 0.0, 0.0, 0.0, 0.0
272, 88.75404, 10.015312, 0.0, 0.0, 0.24540095, 0.0, 0.9823081, 0.0, 0.0, 0.0029345024
98, 77.69547, 22.30453, 0.0, 0.0, 0.0, 0.0, 0.0, 0.0, 0.0, 0.0
877, 89.63362, 8.102336, 0.0, 1.7510716, 0.250702, 0.0, 0.0, 0.0, 0.0, 0.26226726
4331, 97.2303, 1.6385841, 0.0, 0.0, 0.0, 0.81776035, 0.3132628, 0.0, 0.0, 9.3508635E-5
2384, 89.24467, 6.0853047, 0.0, 1.194908, 0.23715122, 1.9813354, 1.0393513, 0.0, 0.0, 0.21728161
4060, 78.639404, 0.0, 0.0, 19.62662, 1.7339735, 0.0, 0.0, 0.0, 0.0, 0.0
2026, 76.61143, 3.046858, 0.0, 18.647438, 1.5874641, 0.10246034, 0.003980157, 0.0, 0.0, 3.7132174E-4
3577, 100.0, 0.0, 0.0, 0.0, 0.0, 0.0, 0.0, 0.0, 0.0, 0.0
943, 85.87534, 12.143321, 0.0, 0.0, 0.0, 1.9813354, 0.0, 0.0, 0.0, 2.2171662E-11
316, 88.59779, 6.991937, 1.3326889, 2.7867637, 0.0, 0.16045758, 0.13035811, 0.0, 0.0, 0.0
2929, 99.57181, 0.0, 0.0, 0.19419672, 0.2177927, 0.0, 0.0, 0.0, 0.0, 0.016203469
1111, 67.48175, 11.156376, 0.0, 19.550392, 0.0, 1.46656, 0.3449204, 0.0, 0.0, 1.2564719E-14
872, 99.2339, 0.0, 0.0, 0.0, 0.76609725, 0.0, 0.0, 0.0, 0.0, 0.0
3479, 68.651344, 9.135948, 0.0, 19.998539, 2.2141678, 0.0, 0.0, 0.0, 0.0, 0.0
843, 58.22866, 1.7731913, 0.0, 20.0, 19.998148, 0.0, 0.0, 0.0, 0.0, 0.0
3014, 77.00418, 3.0155668, 0.0, 18.922596, 1.0576587, 0.0, 0.0, 0.0, 0.0, 0.0
3707, 77.51056, 0.0, 0.0, 19.960636, 2.5288005, 0.0, 0.0, 0.0, 0.0, 0.0
2214, 85.23525, 12.693475, 0.0, 0.0, 0.0, 1.6760828, 0.39518875, 0.0, 0.0, 1.1731142E-7
3372, 55.762222, 44.015575, 0.0, 0.0, 0.22220212, 0.0, 0.0, 0.0, 0.0, 0.0
3302, 73.0056, 0.0, 0.0, 19.990244, 4.946744, 2.0043285, 0.027274065, 0.0, 0.0, 0.025813527
2661, 83.79568, 0.0, 0.0, 14.5566, 1.6477213, 0.0, 0.0, 0.0, 0.0, 0.0
1233, 97.51574, 2.484264, 0.0, 0.0, 0.0, 0.0, 0.0, 0.0, 0.0, 4.701897E-10
4419, 100.0, 0.0, 0.0, 0.0, 0.0, 0.0, 0.0, 0.0, 0.0, 0.0
1521, 99.99942, 0.0, 0.0, 0.0, 0.0, 0.0, 0.0, 0.0, 0.0, 5.79375E-4
282, 96.27322, 0.0, 0.0, 2.7613678, 0.18909939, 0.57526666, 0.08951274, 0.0, 0.0, 0.11153776
2810, 98.238945, 0.0, 0.0, 1.5129739, 0.24807842, 0.0, 0.0, 0.0, 0.0, 0.0
1450, 96.18198, 1.8553078, 0.0, 0.0, 0.0, 1.3310269, 0.63169014, 0.0, 0.0, 1.985538E-7
559, 86.94193, 12.527961, 0.0, 0.0, 0.0, 0.4443757, 0.085724086, 0.0, 0.0, 8.613263E-6
1712, 85.35446, 0.0, 0.0, 13.369848, 0.4274858, 0.83466566, 0.013213977, 0.0, 0.0, 3.260565E-4
1606, 97.836235, 1.5234865, 0.0, 0.28806543, 0.14284004, 0.18082863, 0.02854323, 0.0, 0.0, 6.162453E-8
2884, 99.61017, 0.0, 0.0, 0.38514912, 0.0, 0.0, 0.0, 0.0, 0.0, 0.0046857665
4414, 100.0, 0.0, 0.0, 0.0, 0.0, 0.0, 0.0, 0.0, 0.0, 0.0
383, 93.62798, 2.3651576, 0.0, 1.2604766, 0.1400666, 1.6658342, 0.9404799, 0.0, 0.0, 0.0
691, 92.46801, 3.0175564, 1.3158664, 1.6974008, 0.23373555, 0.0, 1.2674298, 0.0, 0.0, 0.0
3309, 77.59974, 0.0, 0.0, 19.998268, 1.3693666, 0.0, 1.032629, 0.0, 0.0, 0.0
869, 75.39842, 8.059652, 0.0, 15.855238, 0.46954697, 0.19486074, 0.022256909, 0.0, 0.0, 2.2259177E-5
1294, 86.94842, 5.3561463, 0.0, 0.0, 5.9755406, 1.7198958, 0.0, 0.0, 0.0, 4.788952E-39
1103, 68.79498, 10.587163, 0.0, 19.152584, 1.4652741, 0.0, 0.0, 0.0, 0.0, 0.0
1700, 99.83408, 0.0, 0.0, 0.0, 0.15803441, 0.0, 0.0, 0.0, 0.0, 0.007881083
3410, 100.0, 0.0, 0.0, 0.0, 0.0, 0.0, 0.0, 0.0, 0.0, 0.0
897, 82.38277, 0.0, 0.0, 17.470829, 0.0, 0.0, 0.0, 0.0, 0.0, 0.14640681
1189, 82.045105, 0.0, 0.0055206753, 16.693897, 1.2554759, 0.0, 0.0, 0.0, 0.0, 0.0
1710, 26.762978, 61.047173, 0.0, 9.9447, 0.36679047, 1.8783549, 0.0, 0.0, 0.0, 2.839613E-12
2413, 97.79683, 1.385634, 0.0, 0.0, 0.0, 0.5206178, 0.29688448, 0.0, 0.0, 3.5316545E-5
330, 80.36597, 0.0, 1.3119133, 18.28027, 0.0, 0.0, 0.0, 0.0, 0.0, 0.041852903
4229, 97.99823, 0.0, 0.0, 1.7510716, 0.250702, 0.0, 0.0, 0.0, 0.0, 0.0
1463, 98.77595, 0.0, 0.0, 0.0, 0.0, 0.97930145, 0.2445967, 0.0, 0.0, 1.5789957E-4
1340, 94.50511, 5.489732, 0.0, 0.0, 0.0, 0.0, 0.0, 0.0, 0.0, 0.0051567187
2079, 80.019806, 1.3543524, 0.0, 17.96647, 0.6593752, 0.0, 0.0, 0.0, 0.0, 0.0
1268, 90.61702, 8.7367, 0.0, 0.0, 0.0, 0.33301523, 0.3132628, 0.0, 0.0, 0.0
2738, 85.793465, 0.0, 0.0, 12.19569, 1.1858083, 0.0, 0.825035, 0.0, 0.0, 0.0
3482, 73.187355, 23.889511, 0.0, 0.0, 0.18831187, 1.7939138, 0.9409093, 0.0, 0.0, 0.0
2714, 95.58049, 3.5724235, 0.0, 0.0, 0.84708536, 0.0, 0.0, 0.0, 0.0, 0.0
953, 96.100914, 3.5100563, 0.0, 0.0, 0.0, 0.356871, 0.03216171, 0.0, 0.0, 1.968642E-9
2008, 98.21148, 0.0, 0.0, 0.0, 0.0, 1.0906298, 0.69789374, 0.0, 0.0, 0.0
3622, 98.93975, 0.0, 0.0, 0.8254647, 0.2347883, 0.0, 0.0, 0.0, 0.0, 0.0
2434, 98.325424, 0.0, 0.0, 1.4397868, 0.2347883, 0.0, 0.0, 0.0, 0.0, 0.0
2975, 94.54604, 4.139023, 1.3149328, 0.0, 0.0, 0.0, 0.0, 0.0, 0.0, 0.0
1496, 97.38097, 0.0, 0.0, 0.36772603, 0.20923187, 1.4703262, 0.57174873, 0.0, 0.0, 0.0
646, 87.63018, 0.0, 1.2934026, 9.821653, 0.0, 0.99821234, 0.25655073, 0.0, 0.0, 6.65206E-28
3961, 80.52595, 0.0, 0.0, 19.474054, 0.0, 0.0, 0.0, 0.0, 0.0, 0.0
1810, 98.58956, 0.0, 0.0, 1.0300212, 0.0, 0.33782327, 0.042558976, 0.0, 0.0, 3.81825E-5
3923, 97.11447, 0.0, 0.0, 1.6823425, 0.1951446, 0.75080335, 0.25719044, 0.0, 0.0, 4.9520033E-5
